# Smooth Figure-8 Trajectory
# Freq: 100Hz, Duration: 7s, Amplitude: 10.0deg

0.000    MODE ATT
0.500    POSE 0 0
2.000    POSE 0.000 0.000
2.010    POSE 0.090 0.180
2.020    POSE 0.180 0.359
2.030    POSE 0.269 0.538
2.040    POSE 0.359 0.717
2.050    POSE 0.449 0.896
2.060    POSE 0.538 1.075
2.070    POSE 0.628 1.253
2.080    POSE 0.717 1.431
2.090    POSE 0.807 1.609
2.100    POSE 0.896 1.786
2.110    POSE 0.986 1.962
2.120    POSE 1.075 2.138
2.130    POSE 1.164 2.313
2.140    POSE 1.253 2.487
2.150    POSE 1.342 2.660
2.160    POSE 1.431 2.833
2.170    POSE 1.520 3.005
2.180    POSE 1.609 3.175
2.190    POSE 1.697 3.345
2.200    POSE 1.786 3.514
2.210    POSE 1.874 3.681
2.220    POSE 1.962 3.848
2.230    POSE 2.050 4.013
2.240    POSE 2.138 4.176
2.250    POSE 2.225 4.339
2.260    POSE 2.313 4.500
2.270    POSE 2.400 4.659
2.280    POSE 2.487 4.818
2.290    POSE 2.574 4.974
2.300    POSE 2.660 5.129
2.310    POSE 2.747 5.282
2.320    POSE 2.833 5.434
2.330    POSE 2.919 5.584
2.340    POSE 3.005 5.732
2.350    POSE 3.090 5.878
2.360    POSE 3.175 6.022
2.370    POSE 3.260 6.164
2.380    POSE 3.345 6.305
2.390    POSE 3.430 6.443
2.400    POSE 3.514 6.579
2.410    POSE 3.598 6.714
2.420    POSE 3.681 6.845
2.430    POSE 3.765 6.975
2.440    POSE 3.848 7.103
2.450    POSE 3.930 7.228
2.460    POSE 4.013 7.351
2.470    POSE 4.095 7.471
2.480    POSE 4.176 7.589
2.490    POSE 4.258 7.705
2.500    POSE 4.339 7.818
2.510    POSE 4.420 7.929
2.520    POSE 4.500 8.037
2.530    POSE 4.580 8.143
2.540    POSE 4.659 8.245
2.550    POSE 4.739 8.346
2.560    POSE 4.818 8.443
2.570    POSE 4.896 8.538
2.580    POSE 4.974 8.630
2.590    POSE 5.052 8.719
2.600    POSE 5.129 8.806
2.610    POSE 5.206 8.890
2.620    POSE 5.282 8.970
2.630    POSE 5.358 9.048
2.640    POSE 5.434 9.123
2.650    POSE 5.509 9.195
2.660    POSE 5.584 9.264
2.670    POSE 5.658 9.330
2.680    POSE 5.732 9.394
2.690    POSE 5.805 9.454
2.700    POSE 5.878 9.511
2.710    POSE 5.950 9.565
2.720    POSE 6.022 9.615
2.730    POSE 6.094 9.663
2.740    POSE 6.164 9.708
2.750    POSE 6.235 9.749
2.760    POSE 6.305 9.788
2.770    POSE 6.374 9.823
2.780    POSE 6.443 9.855
2.790    POSE 6.512 9.884
2.800    POSE 6.579 9.909
2.810    POSE 6.647 9.932
2.820    POSE 6.714 9.951
2.830    POSE 6.780 9.967
2.840    POSE 6.845 9.980
2.850    POSE 6.911 9.990
2.860    POSE 6.975 9.996
2.870    POSE 7.039 10.000
2.880    POSE 7.103 10.000
2.890    POSE 7.166 9.996
2.900    POSE 7.228 9.990
2.910    POSE 7.290 9.980
2.920    POSE 7.351 9.967
2.930    POSE 7.411 9.951
2.940    POSE 7.471 9.932
2.950    POSE 7.531 9.909
2.960    POSE 7.589 9.884
2.970    POSE 7.648 9.855
2.980    POSE 7.705 9.823
2.990    POSE 7.762 9.788
3.000    POSE 7.818 9.749
3.010    POSE 7.874 9.708
3.020    POSE 7.929 9.663
3.030    POSE 7.983 9.615
3.040    POSE 8.037 9.565
3.050    POSE 8.090 9.511
3.060    POSE 8.143 9.454
3.070    POSE 8.194 9.394
3.080    POSE 8.245 9.330
3.090    POSE 8.296 9.264
3.100    POSE 8.346 9.195
3.110    POSE 8.395 9.123
3.120    POSE 8.443 9.048
3.130    POSE 8.491 8.970
3.140    POSE 8.538 8.890
3.150    POSE 8.584 8.806
3.160    POSE 8.630 8.719
3.170    POSE 8.675 8.630
3.180    POSE 8.719 8.538
3.190    POSE 8.763 8.443
3.200    POSE 8.806 8.346
3.210    POSE 8.848 8.245
3.220    POSE 8.890 8.143
3.230    POSE 8.930 8.037
3.240    POSE 8.970 7.929
3.250    POSE 9.010 7.818
3.260    POSE 9.048 7.705
3.270    POSE 9.086 7.589
3.280    POSE 9.123 7.471
3.290    POSE 9.160 7.351
3.300    POSE 9.195 7.228
3.310    POSE 9.230 7.103
3.320    POSE 9.264 6.975
3.330    POSE 9.298 6.845
3.340    POSE 9.330 6.714
3.350    POSE 9.362 6.579
3.360    POSE 9.394 6.443
3.370    POSE 9.424 6.305
3.380    POSE 9.454 6.164
3.390    POSE 9.482 6.022
3.400    POSE 9.511 5.878
3.410    POSE 9.538 5.732
3.420    POSE 9.565 5.584
3.430    POSE 9.590 5.434
3.440    POSE 9.615 5.282
3.450    POSE 9.640 5.129
3.460    POSE 9.663 4.974
3.470    POSE 9.686 4.818
3.480    POSE 9.708 4.659
3.490    POSE 9.729 4.500
3.500    POSE 9.749 4.339
3.510    POSE 9.769 4.176
3.520    POSE 9.788 4.013
3.530    POSE 9.806 3.848
3.540    POSE 9.823 3.681
3.550    POSE 9.839 3.514
3.560    POSE 9.855 3.345
3.570    POSE 9.870 3.175
3.580    POSE 9.884 3.005
3.590    POSE 9.897 2.833
3.600    POSE 9.909 2.660
3.610    POSE 9.921 2.487
3.620    POSE 9.932 2.313
3.630    POSE 9.942 2.138
3.640    POSE 9.951 1.962
3.650    POSE 9.960 1.786
3.660    POSE 9.967 1.609
3.670    POSE 9.974 1.431
3.680    POSE 9.980 1.253
3.690    POSE 9.986 1.075
3.700    POSE 9.990 0.896
3.710    POSE 9.994 0.717
3.720    POSE 9.996 0.538
3.730    POSE 9.998 0.359
3.740    POSE 10.000 0.180
3.750    POSE 10.000 0.000
3.760    POSE 10.000 -0.180
3.770    POSE 9.998 -0.359
3.780    POSE 9.996 -0.538
3.790    POSE 9.994 -0.717
3.800    POSE 9.990 -0.896
3.810    POSE 9.986 -1.075
3.820    POSE 9.980 -1.253
3.830    POSE 9.974 -1.431
3.840    POSE 9.967 -1.609
3.850    POSE 9.960 -1.786
3.860    POSE 9.951 -1.962
3.870    POSE 9.942 -2.138
3.880    POSE 9.932 -2.313
3.890    POSE 9.921 -2.487
3.900    POSE 9.909 -2.660
3.910    POSE 9.897 -2.833
3.920    POSE 9.884 -3.005
3.930    POSE 9.870 -3.175
3.940    POSE 9.855 -3.345
3.950    POSE 9.839 -3.514
3.960    POSE 9.823 -3.681
3.970    POSE 9.806 -3.848
3.980    POSE 9.788 -4.013
3.990    POSE 9.769 -4.176
4.000    POSE 9.749 -4.339
4.010    POSE 9.729 -4.500
4.020    POSE 9.708 -4.659
4.030    POSE 9.686 -4.818
4.040    POSE 9.663 -4.974
4.050    POSE 9.640 -5.129
4.060    POSE 9.615 -5.282
4.070    POSE 9.590 -5.434
4.080    POSE 9.565 -5.584
4.090    POSE 9.538 -5.732
4.100    POSE 9.511 -5.878
4.110    POSE 9.482 -6.022
4.120    POSE 9.454 -6.164
4.130    POSE 9.424 -6.305
4.140    POSE 9.394 -6.443
4.150    POSE 9.362 -6.579
4.160    POSE 9.330 -6.714
4.170    POSE 9.298 -6.845
4.180    POSE 9.264 -6.975
4.190    POSE 9.230 -7.103
4.200    POSE 9.195 -7.228
4.210    POSE 9.160 -7.351
4.220    POSE 9.123 -7.471
4.230    POSE 9.086 -7.589
4.240    POSE 9.048 -7.705
4.250    POSE 9.010 -7.818
4.260    POSE 8.970 -7.929
4.270    POSE 8.930 -8.037
4.280    POSE 8.890 -8.143
4.290    POSE 8.848 -8.245
4.300    POSE 8.806 -8.346
4.310    POSE 8.763 -8.443
4.320    POSE 8.719 -8.538
4.330    POSE 8.675 -8.630
4.340    POSE 8.630 -8.719
4.350    POSE 8.584 -8.806
4.360    POSE 8.538 -8.890
4.370    POSE 8.491 -8.970
4.380    POSE 8.443 -9.048
4.390    POSE 8.395 -9.123
4.400    POSE 8.346 -9.195
4.410    POSE 8.296 -9.264
4.420    POSE 8.245 -9.330
4.430    POSE 8.194 -9.394
4.440    POSE 8.143 -9.454
4.450    POSE 8.090 -9.511
4.460    POSE 8.037 -9.565
4.470    POSE 7.983 -9.615
4.480    POSE 7.929 -9.663
4.490    POSE 7.874 -9.708
4.500    POSE 7.818 -9.749
4.510    POSE 7.762 -9.788
4.520    POSE 7.705 -9.823
4.530    POSE 7.648 -9.855
4.540    POSE 7.589 -9.884
4.550    POSE 7.531 -9.909
4.560    POSE 7.471 -9.932
4.570    POSE 7.411 -9.951
4.580    POSE 7.351 -9.967
4.590    POSE 7.290 -9.980
4.600    POSE 7.228 -9.990
4.610    POSE 7.166 -9.996
4.620    POSE 7.103 -10.000
4.630    POSE 7.039 -10.000
4.640    POSE 6.975 -9.996
4.650    POSE 6.911 -9.990
4.660    POSE 6.845 -9.980
4.670    POSE 6.780 -9.967
4.680    POSE 6.714 -9.951
4.690    POSE 6.647 -9.932
4.700    POSE 6.579 -9.909
4.710    POSE 6.512 -9.884
4.720    POSE 6.443 -9.855
4.730    POSE 6.374 -9.823
4.740    POSE 6.305 -9.788
4.750    POSE 6.235 -9.749
4.760    POSE 6.164 -9.708
4.770    POSE 6.094 -9.663
4.780    POSE 6.022 -9.615
4.790    POSE 5.950 -9.565
4.800    POSE 5.878 -9.511
4.810    POSE 5.805 -9.454
4.820    POSE 5.732 -9.394
4.830    POSE 5.658 -9.330
4.840    POSE 5.584 -9.264
4.850    POSE 5.509 -9.195
4.860    POSE 5.434 -9.123
4.870    POSE 5.358 -9.048
4.880    POSE 5.282 -8.970
4.890    POSE 5.206 -8.890
4.900    POSE 5.129 -8.806
4.910    POSE 5.052 -8.719
4.920    POSE 4.974 -8.630
4.930    POSE 4.896 -8.538
4.940    POSE 4.818 -8.443
4.950    POSE 4.739 -8.346
4.960    POSE 4.659 -8.245
4.970    POSE 4.580 -8.143
4.980    POSE 4.500 -8.037
4.990    POSE 4.420 -7.929
5.000    POSE 4.339 -7.818
5.010    POSE 4.258 -7.705
5.020    POSE 4.176 -7.589
5.030    POSE 4.095 -7.471
5.040    POSE 4.013 -7.351
5.050    POSE 3.930 -7.228
5.060    POSE 3.848 -7.103
5.070    POSE 3.765 -6.975
5.080    POSE 3.681 -6.845
5.090    POSE 3.598 -6.714
5.100    POSE 3.514 -6.579
5.110    POSE 3.430 -6.443
5.120    POSE 3.345 -6.305
5.130    POSE 3.260 -6.164
5.140    POSE 3.175 -6.022
5.150    POSE 3.090 -5.878
5.160    POSE 3.005 -5.732
5.170    POSE 2.919 -5.584
5.180    POSE 2.833 -5.434
5.190    POSE 2.747 -5.282
5.200    POSE 2.660 -5.129
5.210    POSE 2.574 -4.974
5.220    POSE 2.487 -4.818
5.230    POSE 2.400 -4.659
5.240    POSE 2.313 -4.500
5.250    POSE 2.225 -4.339
5.260    POSE 2.138 -4.176
5.270    POSE 2.050 -4.013
5.280    POSE 1.962 -3.848
5.290    POSE 1.874 -3.681
5.300    POSE 1.786 -3.514
5.310    POSE 1.697 -3.345
5.320    POSE 1.609 -3.175
5.330    POSE 1.520 -3.005
5.340    POSE 1.431 -2.833
5.350    POSE 1.342 -2.660
5.360    POSE 1.253 -2.487
5.370    POSE 1.164 -2.313
5.380    POSE 1.075 -2.138
5.390    POSE 0.986 -1.962
5.400    POSE 0.896 -1.786
5.410    POSE 0.807 -1.609
5.420    POSE 0.717 -1.431
5.430    POSE 0.628 -1.253
5.440    POSE 0.538 -1.075
5.450    POSE 0.449 -0.896
5.460    POSE 0.359 -0.717
5.470    POSE 0.269 -0.538
5.480    POSE 0.180 -0.359
5.490    POSE 0.090 -0.180
5.500    POSE 0.000 -0.000
5.510    POSE -0.090 0.180
5.520    POSE -0.180 0.359
5.530    POSE -0.269 0.538
5.540    POSE -0.359 0.717
5.550    POSE -0.449 0.896
5.560    POSE -0.538 1.075
5.570    POSE -0.628 1.253
5.580    POSE -0.717 1.431
5.590    POSE -0.807 1.609
5.600    POSE -0.896 1.786
5.610    POSE -0.986 1.962
5.620    POSE -1.075 2.138
5.630    POSE -1.164 2.313
5.640    POSE -1.253 2.487
5.650    POSE -1.342 2.660
5.660    POSE -1.431 2.833
5.670    POSE -1.520 3.005
5.680    POSE -1.609 3.175
5.690    POSE -1.697 3.345
5.700    POSE -1.786 3.514
5.710    POSE -1.874 3.681
5.720    POSE -1.962 3.848
5.730    POSE -2.050 4.013
5.740    POSE -2.138 4.176
5.750    POSE -2.225 4.339
5.760    POSE -2.313 4.500
5.770    POSE -2.400 4.659
5.780    POSE -2.487 4.818
5.790    POSE -2.574 4.974
5.800    POSE -2.660 5.129
5.810    POSE -2.747 5.282
5.820    POSE -2.833 5.434
5.830    POSE -2.919 5.584
5.840    POSE -3.005 5.732
5.850    POSE -3.090 5.878
5.860    POSE -3.175 6.022
5.870    POSE -3.260 6.164
5.880    POSE -3.345 6.305
5.890    POSE -3.430 6.443
5.900    POSE -3.514 6.579
5.910    POSE -3.598 6.714
5.920    POSE -3.681 6.845
5.930    POSE -3.765 6.975
5.940    POSE -3.848 7.103
5.950    POSE -3.930 7.228
5.960    POSE -4.013 7.351
5.970    POSE -4.095 7.471
5.980    POSE -4.176 7.589
5.990    POSE -4.258 7.705
6.000    POSE -4.339 7.818
6.010    POSE -4.420 7.929
6.020    POSE -4.500 8.037
6.030    POSE -4.580 8.143
6.040    POSE -4.659 8.245
6.050    POSE -4.739 8.346
6.060    POSE -4.818 8.443
6.070    POSE -4.896 8.538
6.080    POSE -4.974 8.630
6.090    POSE -5.052 8.719
6.100    POSE -5.129 8.806
6.110    POSE -5.206 8.890
6.120    POSE -5.282 8.970
6.130    POSE -5.358 9.048
6.140    POSE -5.434 9.123
6.150    POSE -5.509 9.195
6.160    POSE -5.584 9.264
6.170    POSE -5.658 9.330
6.180    POSE -5.732 9.394
6.190    POSE -5.805 9.454
6.200    POSE -5.878 9.511
6.210    POSE -5.950 9.565
6.220    POSE -6.022 9.615
6.230    POSE -6.094 9.663
6.240    POSE -6.164 9.708
6.250    POSE -6.235 9.749
6.260    POSE -6.305 9.788
6.270    POSE -6.374 9.823
6.280    POSE -6.443 9.855
6.290    POSE -6.512 9.884
6.300    POSE -6.579 9.909
6.310    POSE -6.647 9.932
6.320    POSE -6.714 9.951
6.330    POSE -6.780 9.967
6.340    POSE -6.845 9.980
6.350    POSE -6.911 9.990
6.360    POSE -6.975 9.996
6.370    POSE -7.039 10.000
6.380    POSE -7.103 10.000
6.390    POSE -7.166 9.996
6.400    POSE -7.228 9.990
6.410    POSE -7.290 9.980
6.420    POSE -7.351 9.967
6.430    POSE -7.411 9.951
6.440    POSE -7.471 9.932
6.450    POSE -7.531 9.909
6.460    POSE -7.589 9.884
6.470    POSE -7.648 9.855
6.480    POSE -7.705 9.823
6.490    POSE -7.762 9.788
6.500    POSE -7.818 9.749
6.510    POSE -7.874 9.708
6.520    POSE -7.929 9.663
6.530    POSE -7.983 9.615
6.540    POSE -8.037 9.565
6.550    POSE -8.090 9.511
6.560    POSE -8.143 9.454
6.570    POSE -8.194 9.394
6.580    POSE -8.245 9.330
6.590    POSE -8.296 9.264
6.600    POSE -8.346 9.195
6.610    POSE -8.395 9.123
6.620    POSE -8.443 9.048
6.630    POSE -8.491 8.970
6.640    POSE -8.538 8.890
6.650    POSE -8.584 8.806
6.660    POSE -8.630 8.719
6.670    POSE -8.675 8.630
6.680    POSE -8.719 8.538
6.690    POSE -8.763 8.443
6.700    POSE -8.806 8.346
6.710    POSE -8.848 8.245
6.720    POSE -8.890 8.143
6.730    POSE -8.930 8.037
6.740    POSE -8.970 7.929
6.750    POSE -9.010 7.818
6.760    POSE -9.048 7.705
6.770    POSE -9.086 7.589
6.780    POSE -9.123 7.471
6.790    POSE -9.160 7.351
6.800    POSE -9.195 7.228
6.810    POSE -9.230 7.103
6.820    POSE -9.264 6.975
6.830    POSE -9.298 6.845
6.840    POSE -9.330 6.714
6.850    POSE -9.362 6.579
6.860    POSE -9.394 6.443
6.870    POSE -9.424 6.305
6.880    POSE -9.454 6.164
6.890    POSE -9.482 6.022
6.900    POSE -9.511 5.878
6.910    POSE -9.538 5.732
6.920    POSE -9.565 5.584
6.930    POSE -9.590 5.434
6.940    POSE -9.615 5.282
6.950    POSE -9.640 5.129
6.960    POSE -9.663 4.974
6.970    POSE -9.686 4.818
6.980    POSE -9.708 4.659
6.990    POSE -9.729 4.500
7.000    POSE -9.749 4.339
7.010    POSE -9.769 4.176
7.020    POSE -9.788 4.013
7.030    POSE -9.806 3.848
7.040    POSE -9.823 3.681
7.050    POSE -9.839 3.514
7.060    POSE -9.855 3.345
7.070    POSE -9.870 3.175
7.080    POSE -9.884 3.005
7.090    POSE -9.897 2.833
7.100    POSE -9.909 2.660
7.110    POSE -9.921 2.487
7.120    POSE -9.932 2.313
7.130    POSE -9.942 2.138
7.140    POSE -9.951 1.962
7.150    POSE -9.960 1.786
7.160    POSE -9.967 1.609
7.170    POSE -9.974 1.431
7.180    POSE -9.980 1.253
7.190    POSE -9.986 1.075
7.200    POSE -9.990 0.896
7.210    POSE -9.994 0.717
7.220    POSE -9.996 0.538
7.230    POSE -9.998 0.359
7.240    POSE -10.000 0.180
7.250    POSE -10.000 0.000
7.260    POSE -10.000 -0.180
7.270    POSE -9.998 -0.359
7.280    POSE -9.996 -0.538
7.290    POSE -9.994 -0.717
7.300    POSE -9.990 -0.896
7.310    POSE -9.986 -1.075
7.320    POSE -9.980 -1.253
7.330    POSE -9.974 -1.431
7.340    POSE -9.967 -1.609
7.350    POSE -9.960 -1.786
7.360    POSE -9.951 -1.962
7.370    POSE -9.942 -2.138
7.380    POSE -9.932 -2.313
7.390    POSE -9.921 -2.487
7.400    POSE -9.909 -2.660
7.410    POSE -9.897 -2.833
7.420    POSE -9.884 -3.005
7.430    POSE -9.870 -3.175
7.440    POSE -9.855 -3.345
7.450    POSE -9.839 -3.514
7.460    POSE -9.823 -3.681
7.470    POSE -9.806 -3.848
7.480    POSE -9.788 -4.013
7.490    POSE -9.769 -4.176
7.500    POSE -9.749 -4.339
7.510    POSE -9.729 -4.500
7.520    POSE -9.708 -4.659
7.530    POSE -9.686 -4.818
7.540    POSE -9.663 -4.974
7.550    POSE -9.640 -5.129
7.560    POSE -9.615 -5.282
7.570    POSE -9.590 -5.434
7.580    POSE -9.565 -5.584
7.590    POSE -9.538 -5.732
7.600    POSE -9.511 -5.878
7.610    POSE -9.482 -6.022
7.620    POSE -9.454 -6.164
7.630    POSE -9.424 -6.305
7.640    POSE -9.394 -6.443
7.650    POSE -9.362 -6.579
7.660    POSE -9.330 -6.714
7.670    POSE -9.298 -6.845
7.680    POSE -9.264 -6.975
7.690    POSE -9.230 -7.103
7.700    POSE -9.195 -7.228
7.710    POSE -9.160 -7.351
7.720    POSE -9.123 -7.471
7.730    POSE -9.086 -7.589
7.740    POSE -9.048 -7.705
7.750    POSE -9.010 -7.818
7.760    POSE -8.970 -7.929
7.770    POSE -8.930 -8.037
7.780    POSE -8.890 -8.143
7.790    POSE -8.848 -8.245
7.800    POSE -8.806 -8.346
7.810    POSE -8.763 -8.443
7.820    POSE -8.719 -8.538
7.830    POSE -8.675 -8.630
7.840    POSE -8.630 -8.719
7.850    POSE -8.584 -8.806
7.860    POSE -8.538 -8.890
7.870    POSE -8.491 -8.970
7.880    POSE -8.443 -9.048
7.890    POSE -8.395 -9.123
7.900    POSE -8.346 -9.195
7.910    POSE -8.296 -9.264
7.920    POSE -8.245 -9.330
7.930    POSE -8.194 -9.394
7.940    POSE -8.143 -9.454
7.950    POSE -8.090 -9.511
7.960    POSE -8.037 -9.565
7.970    POSE -7.983 -9.615
7.980    POSE -7.929 -9.663
7.990    POSE -7.874 -9.708
8.000    POSE -7.818 -9.749
8.010    POSE -7.762 -9.788
8.020    POSE -7.705 -9.823
8.030    POSE -7.648 -9.855
8.040    POSE -7.589 -9.884
8.050    POSE -7.531 -9.909
8.060    POSE -7.471 -9.932
8.070    POSE -7.411 -9.951
8.080    POSE -7.351 -9.967
8.090    POSE -7.290 -9.980
8.100    POSE -7.228 -9.990
8.110    POSE -7.166 -9.996
8.120    POSE -7.103 -10.000
8.130    POSE -7.039 -10.000
8.140    POSE -6.975 -9.996
8.150    POSE -6.911 -9.990
8.160    POSE -6.845 -9.980
8.170    POSE -6.780 -9.967
8.180    POSE -6.714 -9.951
8.190    POSE -6.647 -9.932
8.200    POSE -6.579 -9.909
8.210    POSE -6.512 -9.884
8.220    POSE -6.443 -9.855
8.230    POSE -6.374 -9.823
8.240    POSE -6.305 -9.788
8.250    POSE -6.235 -9.749
8.260    POSE -6.164 -9.708
8.270    POSE -6.094 -9.663
8.280    POSE -6.022 -9.615
8.290    POSE -5.950 -9.565
8.300    POSE -5.878 -9.511
8.310    POSE -5.805 -9.454
8.320    POSE -5.732 -9.394
8.330    POSE -5.658 -9.330
8.340    POSE -5.584 -9.264
8.350    POSE -5.509 -9.195
8.360    POSE -5.434 -9.123
8.370    POSE -5.358 -9.048
8.380    POSE -5.282 -8.970
8.390    POSE -5.206 -8.890
8.400    POSE -5.129 -8.806
8.410    POSE -5.052 -8.719
8.420    POSE -4.974 -8.630
8.430    POSE -4.896 -8.538
8.440    POSE -4.818 -8.443
8.450    POSE -4.739 -8.346
8.460    POSE -4.659 -8.245
8.470    POSE -4.580 -8.143
8.480    POSE -4.500 -8.037
8.490    POSE -4.420 -7.929
8.500    POSE -4.339 -7.818
8.510    POSE -4.258 -7.705
8.520    POSE -4.176 -7.589
8.530    POSE -4.095 -7.471
8.540    POSE -4.013 -7.351
8.550    POSE -3.930 -7.228
8.560    POSE -3.848 -7.103
8.570    POSE -3.765 -6.975
8.580    POSE -3.681 -6.845
8.590    POSE -3.598 -6.714
8.600    POSE -3.514 -6.579
8.610    POSE -3.430 -6.443
8.620    POSE -3.345 -6.305
8.630    POSE -3.260 -6.164
8.640    POSE -3.175 -6.022
8.650    POSE -3.090 -5.878
8.660    POSE -3.005 -5.732
8.670    POSE -2.919 -5.584
8.680    POSE -2.833 -5.434
8.690    POSE -2.747 -5.282
8.700    POSE -2.660 -5.129
8.710    POSE -2.574 -4.974
8.720    POSE -2.487 -4.818
8.730    POSE -2.400 -4.659
8.740    POSE -2.313 -4.500
8.750    POSE -2.225 -4.339
8.760    POSE -2.138 -4.176
8.770    POSE -2.050 -4.013
8.780    POSE -1.962 -3.848
8.790    POSE -1.874 -3.681
8.800    POSE -1.786 -3.514
8.810    POSE -1.697 -3.345
8.820    POSE -1.609 -3.175
8.830    POSE -1.520 -3.005
8.840    POSE -1.431 -2.833
8.850    POSE -1.342 -2.660
8.860    POSE -1.253 -2.487
8.870    POSE -1.164 -2.313
8.880    POSE -1.075 -2.138
8.890    POSE -0.986 -1.962
8.900    POSE -0.896 -1.786
8.910    POSE -0.807 -1.609
8.920    POSE -0.717 -1.431
8.930    POSE -0.628 -1.253
8.940    POSE -0.538 -1.075
8.950    POSE -0.449 -0.896
8.960    POSE -0.359 -0.717
8.970    POSE -0.269 -0.538
8.980    POSE -0.180 -0.359
8.990    POSE -0.090 -0.180
9.000    POSE -0.000 -0.000
10.000    POSE 0 0
11.000    END
